image_width: 640
image_height: 480
camera_name: camera_depth
distortion_model: rational_polynomial
camera_matrix:
  rows: 3
  cols: 3
  data: [479.4709777832031,   0.0, 322.11138916015625,
           0.0, 479.3878173828125, 239.65760803222656,
           0.0,   0.0,   1.0]
distortion_coefficients:
  rows: 1
  cols: 8
  data: [0.0, 0.0, 0.0, 0.0, 0.0, 0.0, 0.0, 0.0]
rectification_matrix:
  rows: 3
  cols: 3
  data: [1.0, 0.0, 0.0,
         0.0, 1.0, 0.0,
         0.0, 0.0, 1.0]
projection_matrix:
  rows: 3
  cols: 4
  data: [479.4709777832031,   0.0, 322.11138916015625, 0.0,
           0.0, 479.3878173828125, 239.65760803222656, 0.0,
           0.0,   0.0,   1.0, 0.0]
