[
  {
    "index": 0,
    "joints_deg": [
      90,
      40,
      60,
      20,
      90,
      90
    ],
    "fk_base_to_endeffector": {
      "x": 0.26059172293531324,
      "y": 0.00022958461116053718,
      "z": 0.14013143059757882,
      "roll": 0.0001254497396281685,
      "pitch": 1.0471973952508662,
      "yaw": 8.425065357056773e-05
    },
    "tag_in_camera_optical_4x4": [
      [
        0.04750382298134135,
        0.9981375988373875,
        0.0382716682324187,
        0.08813864304687126
      ],
      [
        -0.8618310723899478,
        0.021586848157416173,
        0.5067358391211552,
        0.029189096422539636
      ],
      [
        0.5049659290143742,
        -0.05705560247481058,
        0.8612514550123479,
        0.3176217359728483
      ],
      [
        0.0,
        0.0,
        0.0,
        1.0
      ]
    ],
    "image": "cap_000.png",
    "tag_id": 0,
    "tag_size_m": 0.08
  },
  {
    "index": 1,
    "joints_deg": [
      90,
      50,
      50,
      20,
      90,
      90
    ],
    "fk_base_to_endeffector": {
      "x": 0.25037991279319183,
      "y": 0.00022921046554902577,
      "z": 0.1503432775463054,
      "roll": 0.00012528864082997793,
      "pitch": 1.0471973952553884,
      "yaw": 8.418025121757044e-05
    },
    "tag_in_camera_optical_4x4": [
      [
        0.04814884526741115,
        0.9980542182431598,
        0.03961648831545584,
        0.08855299148444755
      ],
      [
        -0.878712766760036,
        0.02346656477452465,
        0.47677373445965476,
        0.01287419093707335
      ],
      [
        0.474916373935809,
        -0.05776761882505484,
        0.8781328714852586,
        0.3249565216883285
      ],
      [
        0.0,
        0.0,
        0.0,
        1.0
      ]
    ],
    "image": "cap_001.png",
    "tag_id": 0,
    "tag_size_m": 0.08
  },
  {
    "index": 2,
    "joints_deg": [
      90,
      35,
      65,
      20,
      90,
      90
    ],
    "fk_base_to_endeffector": {
      "x": 0.2649916773191715,
      "y": 0.0002298293184795725,
      "z": 0.1343972770226756,
      "roll": 0.0001255206463119892,
      "pitch": 1.0471973952494584,
      "yaw": 8.42725049956308e-05
    },
    "tag_in_camera_optical_4x4": [
      [
        0.04613201255301875,
        0.9981177101423497,
        0.04040883712755047,
        0.08787711190325126
      ],
      [
        -0.8754442878889944,
        0.020913303223910648,
        0.48286637131901844,
        0.019168549000247215
      ],
      [
        0.4811123945819101,
        -0.057651283146670236,
        0.8747612207518135,
        0.3075478787464777
      ],
      [
        0.0,
        0.0,
        0.0,
        1.0
      ]
    ],
    "image": "cap_002.png",
    "tag_id": 0,
    "tag_size_m": 0.08
  },
  {
    "index": 3,
    "joints_deg": [
      90,
      40,
      60,
      35,
      90,
      90
    ],
    "fk_base_to_endeffector": {
      "x": 0.29538785595580525,
      "y": 0.00022694574184159227,
      "z": 0.16684834086702266,
      "roll": 8.797687627552111e-05,
      "pitch": 0.7853980109807789,
      "yaw": 3.7370905910002805e-05
    },
    "tag_in_camera_optical_4x4": [
      [
        0.04366102131118912,
        0.9962769524451255,
        0.07433672877330239,
        0.09034116511154716
      ],
      [
        -0.6925537025445798,
        -0.023445368815802288,
        0.7209852174440781,
        0.11107422669617227
      ],
      [
        0.7200438072158232,
        -0.08296112769088121,
        0.6889516434281869,
        0.3089943067417528
      ],
      [
        0.0,
        0.0,
        0.0,
        1.0
      ]
    ],
    "image": "cap_003.png",
    "tag_id": 0,
    "tag_size_m": 0.08
  },
  {
    "index": 4,
    "joints_deg": [
      90,
      40,
      60,
      8,
      90,
      90
    ],
    "fk_base_to_endeffector": {
      "x": 0.22850139588963708,
      "y": 0.00023135484481803215,
      "z": 0.12583214426905298,
      "roll": 0.00020455164945073101,
      "pitch": 1.2566369011101386,
      "yaw": 0.00017039913890728718
    },
    "tag_in_camera_optical_4x4": [
      [
        0.03946044143770089,
        0.9987505366805997,
        0.030663317526898607,
        0.08595647264713933
      ],
      [
        -0.9544542015303603,
        0.02859238649821607,
        0.2969842632453424,
        -0.06028827246401123
      ],
      [
        0.2957364548759317,
        -0.040985862374119504,
        0.9543899142084779,
        0.2956379937670766
      ],
      [
        0.0,
        0.0,
        0.0,
        1.0
      ]
    ],
    "image": "cap_004.png",
    "tag_id": 0,
    "tag_size_m": 0.08
  },
  {
    "index": 5,
    "joints_deg": [
      105,
      40,
      60,
      20,
      90,
      90
    ],
    "fk_base_to_endeffector": {
      "x": 0.25279584852115156,
      "y": 0.058966837403603624,
      "z": 0.1401351877569849,
      "roll": 0.00012204118240938011,
      "pitch": 1.0471808403972847,
      "yaw": 0.2618806840160122
    },
    "tag_in_camera_optical_4x4": [
      [
        -0.2011991005530803,
        0.9786333291438297,
        0.04237604306085895,
        -0.005116087746533843
      ],
      [
        -0.8629093013591925,
        -0.1975486368786994,
        0.46514736771818677,
        0.008218840208479947
      ],
      [
        0.46358004655552415,
        0.05702055029751912,
        0.8842184103938043,
        0.31490834907439746
      ],
      [
        0.0,
        0.0,
        0.0,
        1.0
      ]
    ],
    "image": "cap_005.png",
    "tag_id": 0,
    "tag_size_m": 0.08
  },
  {
    "index": 6,
    "joints_deg": [
      90,
      40,
      60,
      20,
      65,
      90
    ],
    "fk_base_to_endeffector": {
      "x": 0.2604532310381469,
      "y": 0.0004712558769808428,
      "z": 0.14005148471076295,
      "roll": -0.4362041485553224,
      "pitch": 1.0471976742705,
      "yaw": 8.738141717686885e-05
    },
    "tag_in_camera_optical_4x4": [
      [
        0.041656812454547255,
        0.9983763059577144,
        0.03885179118592393,
        0.08633889106517517
      ],
      [
        -0.8830629322831813,
        0.018598730281359457,
        0.4688858548296703,
        0.011164596369012236
      ],
      [
        0.4674019336754567,
        -0.05384086676632565,
        0.8824038720802934,
        0.3095720314206825
      ],
      [
        0.0,
        0.0,
        0.0,
        1.0
      ]
    ],
    "image": "cap_006.png",
    "tag_id": 0,
    "tag_size_m": 0.08
  },
  {
    "index": 7,
    "joints_deg": [
      80,
      50,
      50,
      20,
      90,
      90
    ],
    "fk_base_to_endeffector": {
      "x": 0.24712837154167805,
      "y": -0.0374149222271645,
      "z": 0.15034088454778552,
      "roll": 0.00012272559521308158,
      "pitch": 1.0472084336467715,
      "yaw": -0.1744509629128382
    },
    "tag_in_camera_optical_4x4": [
      [
        0.2013466145220267,
        0.9787534637219751,
        0.03874529742761403,
        0.14586625680558277
      ],
      [
        -0.8702067213477045,
        0.16057795261678706,
        0.46578426686039903,
        0.023320921563363014
      ],
      [
        0.44966632400236173,
        -0.12750050347209135,
        0.8840496697994781,
        0.31806204882613187
      ],
      [
        0.0,
        0.0,
        0.0,
        1.0
      ]
    ],
    "image": "cap_007.png",
    "tag_id": 0,
    "tag_size_m": 0.08
  },
  {
    "index": 8,
    "joints_deg": [
      100,
      50,
      50,
      20,
      90,
      90
    ],
    "fk_base_to_endeffector": {
      "x": 0.24704522082266778,
      "y": 0.03786606841229685,
      "z": 0.15034568200210086,
      "roll": 0.00012397913241024355,
      "pitch": 1.0471863020302945,
      "yaw": 0.17461596968196075
    },
    "tag_in_camera_optical_4x4": [
      [
        -0.11937600805922434,
        0.9921333417565105,
        0.037693512371536016,
        0.026094722437598528
      ],
      [
        -0.8730562967015923,
        -0.12297535767637548,
        0.47185777962651854,
        0.006074597124175849
      ],
      [
        0.47278120890063324,
        0.02341993978273422,
        0.8808685684771757,
        0.3298772337101169
      ],
      [
        0.0,
        0.0,
        0.0,
        1.0
      ]
    ],
    "image": "cap_008.png",
    "tag_id": 0,
    "tag_size_m": 0.08
  },
  {
    "index": 9,
    "joints_deg": [
      80,
      35,
      65,
      20,
      90,
      90
    ],
    "fk_base_to_endeffector": {
      "x": 0.26151808110471975,
      "y": -0.03995160860782612,
      "z": 0.13439472273552705,
      "roll": 0.00012295760273180471,
      "pitch": 1.0472084336409602,
      "yaw": -0.17445087065729628
    },
    "tag_in_camera_optical_4x4": [
      [
        0.19896959098214126,
        0.9793021772070603,
        0.0371261037803784,
        0.14544537389614517
      ],
      [
        -0.8630128479699991,
        0.15714078574329157,
        0.48012039916534754,
        0.03361566154122027
      ],
      [
        0.4643489271045121,
        -0.12756966400164552,
        0.8764165988406404,
        0.3027087186944392
      ],
      [
        0.0,
        0.0,
        0.0,
        1.0
      ]
    ],
    "image": "cap_009.png",
    "tag_id": 0,
    "tag_size_m": 0.08
  },
  {
    "index": 10,
    "joints_deg": [
      100,
      35,
      65,
      20,
      90,
      90
    ],
    "fk_base_to_endeffector": {
      "x": 0.26143506837028646,
      "y": 0.04040400457085448,
      "z": 0.1343998435714432,
      "roll": 0.00012421113584551506,
      "pitch": 1.0471863020244252,
      "yaw": 0.1746160619339663
    },
    "tag_in_camera_optical_4x4": [
      [
        -0.12176029128347982,
        0.9917900072635065,
        0.03907701317674255,
        0.02528369977182037
      ],
      [
        -0.8632659310229946,
        -0.12524701397128357,
        0.48896330928432563,
        0.016784087713577627
      ],
      [
        0.489843203281993,
        0.02580246080377543,
        0.8714286369031634,
        0.3150426430622527
      ],
      [
        0.0,
        0.0,
        0.0,
        1.0
      ]
    ],
    "image": "cap_010.png",
    "tag_id": 0,
    "tag_size_m": 0.08
  },
  {
    "index": 11,
    "joints_deg": [
      85,
      45,
      55,
      28,
      75,
      90
    ],
    "fk_base_to_endeffector": {
      "x": 0.2741913262021099,
      "y": -0.020664417336316573,
      "z": 0.158523924164236,
      "roll": -0.2616974643600613,
      "pitch": 0.90757668963417,
      "yaw": -0.08721013541116096
    },
    "tag_in_camera_optical_4x4": [
      [
        0.12720483974848612,
        0.9909341308237365,
        0.04322588475865121,
        0.11822928222282704
      ],
      [
        -0.8129850864744446,
        0.07919776954684259,
        0.5768734371323965,
        0.06984585485588804
      ],
      [
        0.5682201843605186,
        -0.10852309278403138,
        0.8156890096218575,
        0.31602441161338124
      ],
      [
        0.0,
        0.0,
        0.0,
        1.0
      ]
    ],
    "image": "cap_011.png",
    "tag_id": 0,
    "tag_size_m": 0.08
  },
  {
    "index": 12,
    "joints_deg": [
      95,
      45,
      55,
      28,
      105,
      90
    ],
    "fk_base_to_endeffector": {
      "x": 0.27424858915123285,
      "y": 0.02111088782531051,
      "z": 0.1586030247813925,
      "roll": 0.26189938709183375,
      "pitch": 0.9075656609230391,
      "yaw": 0.08732010544108246
    },
    "tag_in_camera_optical_4x4": [
      [
        -0.033290799581496236,
        0.9987019021292359,
        0.038551697066029005,
        0.05825939525991057
      ],
      [
        -0.814028315885123,
        -0.04947429284986062,
        0.5787142604811433,
        0.05965150378156102
      ],
      [
        0.5798703506823356,
        -0.012116312576541324,
        0.8146186662292318,
        0.3221114143868961
      ],
      [
        0.0,
        0.0,
        0.0,
        1.0
      ]
    ],
    "image": "cap_012.png",
    "tag_id": 0,
    "tag_size_m": 0.08
  },
  {
    "index": 13,
    "joints_deg": [
      90,
      45,
      55,
      30,
      110,
      90
    ],
    "fk_base_to_endeffector": {
      "x": 0.27973303300620717,
      "y": -5.6569075727778e-07,
      "z": 0.1622979041359208,
      "roll": 0.3491613295266892,
      "pitch": 0.8726647462686812,
      "yaw": 4.770415441797537e-05
    },
    "tag_in_camera_optical_4x4": [
      [
        0.046139935644343336,
        0.9981280684523153,
        0.040143060500987544,
        0.08789157708689378
      ],
      [
        -0.800062651203773,
        0.012861968845895537,
        0.5997785623929862,
        0.07455214550874262
      ],
      [
        0.5981394991868754,
        -0.059790707681522746,
        0.7991584391016695,
        0.31901952174815396
      ],
      [
        0.0,
        0.0,
        0.0,
        1.0
      ]
    ],
    "image": "cap_013.png",
    "tag_id": 0,
    "tag_size_m": 0.08
  },
  {
    "index": 14,
    "joints_deg": [
      90,
      25,
      80,
      10,
      90,
      90
    ],
    "fk_base_to_endeffector": {
      "x": 0.2576462329807341,
      "y": 0.00023079546783116354,
      "z": 0.1221733628053016,
      "roll": 0.00014910825484540117,
      "pitch": 1.1344638563242162,
      "yaw": 0.00011073576376307011
    },
    "tag_in_camera_optical_4x4": [
      [
        0.03270750894280501,
        0.9987107332959253,
        0.03882125781413482,
        0.08828542377592788
      ],
      [
        -0.9153617342178046,
        0.014336900179403799,
        0.402377122638724,
        -0.015399022817678352
      ],
      [
        0.4013017747139043,
        -0.048696247214349155,
        0.9146505131025237,
        0.29650863959201623
      ],
      [
        0.0,
        0.0,
        0.0,
        1.0
      ]
    ],
    "image": "cap_014.png",
    "tag_id": 0,
    "tag_size_m": 0.08
  },
  {
    "index": 15,
    "joints_deg": [
      90,
      60,
      35,
      40,
      90,
      90
    ],
    "fk_base_to_endeffector": {
      "x": 0.27428949054371204,
      "y": 0.00022680257773999423,
      "z": 0.17817773017385782,
      "roll": 8.773381955006679e-05,
      "pitch": 0.7853980109839289,
      "yaw": 3.732215660157209e-05
    },
    "tag_in_camera_optical_4x4": [
      [
        0.04896286218176228,
        0.9979871251849968,
        0.040303053134420945,
        0.09226769324005263
      ],
      [
        -0.7501925282555212,
        0.010105864977159141,
        0.661142225275812,
        0.09733375541339019
      ],
      [
        0.6594041315282752,
        -0.06260646498605092,
        0.749177296683096,
        0.3341672689509678
      ],
      [
        0.0,
        0.0,
        0.0,
        1.0
      ]
    ],
    "image": "cap_015.png",
    "tag_id": 0,
    "tag_size_m": 0.08
  },
  {
    "index": 16,
    "joints_deg": [
      90,
      40,
      60,
      20,
      45,
      90
    ],
    "fk_base_to_endeffector": {
      "x": 0.2602863203465253,
      "y": 0.000601291716439097,
      "z": 0.13995512590861486,
      "roll": -0.7852681349276999,
      "pitch": 1.0471983616944784,
      "yaw": 8.953068402195794e-05
    },
    "tag_in_camera_optical_4x4": [
      [
        0.038776167120047646,
        0.9984746500824577,
        0.03930371491592633,
        0.08986945778562452
      ],
      [
        -0.8704926410296653,
        0.014440163268139513,
        0.49196955556008565,
        0.02043069360957791
      ],
      [
        0.49065157777864826,
        -0.05329028830381494,
        0.8697247693355751,
        0.3168730220335528
      ],
      [
        0.0,
        0.0,
        0.0,
        1.0
      ]
    ],
    "image": "cap_016.png",
    "tag_id": 0,
    "tag_size_m": 0.08
  },
  {
    "index": 17,
    "joints_deg": [
      90,
      40,
      60,
      20,
      135,
      90
    ],
    "fk_base_to_endeffector": {
      "x": 0.26058005680299884,
      "y": -0.00028260525122149555,
      "z": 0.1401246702031005,
      "roll": 0.7855191900445208,
      "pitch": 1.047198578632167,
      "yaw": 7.915033818439413e-05
    },
    "tag_in_camera_optical_4x4": [
      [
        0.0395211564926709,
        0.9984186747276849,
        0.03997784567101706,
        0.08963253759456458
      ],
      [
        -0.8696264927505533,
        0.014663068432538597,
        0.4934924087871213,
        0.020486411549219354
      ],
      [
        0.4921258388825511,
        -0.054269184434230136,
        0.8688308318222765,
        0.3170127663090451
      ],
      [
        0.0,
        0.0,
        0.0,
        1.0
      ]
    ],
    "image": "cap_017.png",
    "tag_id": 0,
    "tag_size_m": 0.08
  },
  {
    "index": 18,
    "joints_deg": [
      110,
      35,
      65,
      20,
      120,
      90
    ],
    "fk_base_to_endeffector": {
      "x": 0.2511036368648313,
      "y": 0.07903711188638438,
      "z": 0.1344204205224595,
      "roll": 0.5237146980506533,
      "pitch": 1.0471760593927282,
      "yaw": 0.34914090354968325
    },
    "tag_in_camera_optical_4x4": [
      [
        -0.2906464283102634,
        0.9560109156721115,
        0.03959523741888221,
        -0.036001810119624666
      ],
      [
        -0.8327429014612939,
        -0.273117310604301,
        0.4816079263406071,
        0.016419768047353303
      ],
      [
        0.4712365794124146,
        0.10700497074456103,
        0.8754918745823075,
        0.31308984064332546
      ],
      [
        0.0,
        0.0,
        0.0,
        1.0
      ]
    ],
    "image": "cap_018.png",
    "tag_id": 0,
    "tag_size_m": 0.08
  },
  {
    "index": 19,
    "joints_deg": [
      100,
      55,
      45,
      35,
      120,
      90
    ],
    "fk_base_to_endeffector": {
      "x": 0.2757508743013069,
      "y": 0.0425749176819931,
      "z": 0.18148846047039696,
      "roll": 0.5236838319259282,
      "pitch": 0.785387486041055,
      "yaw": 0.1745670472549016
    },
    "tag_in_camera_optical_4x4": [
      [
        -0.1171625782332152,
        0.99237130384792,
        0.03836828848051859,
        0.029281554529079625
      ],
      [
        -0.7335694164474116,
        -0.11252104198767651,
        0.6702349784687542,
        0.10351496794468028
      ],
      [
        0.6694391992666322,
        0.05038065510874313,
        0.7411564936476399,
        0.3380185330721973
      ],
      [
        0.0,
        0.0,
        0.0,
        1.0
      ]
    ],
    "image": "cap_019.png",
    "tag_id": 0,
    "tag_size_m": 0.08
  },
  {
    "index": 20,
    "joints_deg": [
      90,
      40,
      60,
      20,
      135,
      90
    ],
    "fk_base_to_endeffector": {
      "x": 0.26058005680299884,
      "y": -0.00028260525122149555,
      "z": 0.1401246702031005,
      "roll": 0.7855191900445208,
      "pitch": 1.047198578632167,
      "yaw": 7.915033818439413e-05
    },
    "tag_in_camera_optical_4x4": [
      [
        0.03616455226814363,
        0.9987878144833008,
        0.0333920169938345,
        0.08896846454110356
      ],
      [
        -0.8736732349087728,
        0.015377101372578385,
        0.48627011357620753,
        0.017521114118100627
      ],
      [
        0.48516719155697774,
        -0.046759452445994894,
        0.8731702868534096,
        0.3157663153797469
      ],
      [
        0.0,
        0.0,
        0.0,
        1.0
      ]
    ],
    "image": "cap_020.png",
    "tag_id": 0,
    "tag_size_m": 0.08
  },
  {
    "index": 21,
    "joints_deg": [
      90,
      5,
      25,
      120,
      100,
      90
    ],
    "fk_base_to_endeffector": {
      "x": 0.30100080923199146,
      "y": 0.00012080432421237069,
      "z": 0.06951768819460669,
      "roll": 0.1746041387140557,
      "pitch": 0.5235987084503653,
      "yaw": 9.327445102944269e-06
    },
    "tag_in_camera_optical_4x4": [
      [
        0.07564859875292741,
        0.9946677925256645,
        0.0700947360280369,
        0.092073089163121
      ],
      [
        -0.524653101422911,
        -0.020073953006162774,
        0.8510794085031238,
        0.08084338005158938
      ],
      [
        0.8479483549568568,
        -0.10115838533126131,
        0.5203369758177221,
        0.2407218411186901
      ],
      [
        0.0,
        0.0,
        0.0,
        1.0
      ]
    ],
    "image": "cap_021.png",
    "tag_id": 0,
    "tag_size_m": 0.08
  },
  {
    "index": 22,
    "joints_deg": [
      90,
      145,
      5,
      -10,
      100,
      90
    ],
    "fk_base_to_endeffector": {
      "x": 0.13381003488659168,
      "y": 0.0001150573550671809,
      "z": 0.22931451583609394,
      "roll": 0.17461215872401165,
      "pitch": 0.6981316318094009,
      "yaw": 2.5314905315052964e-05
    },
    "tag_in_camera_optical_4x4": [
      [
        0.049189547517909,
        0.9986489472989284,
        0.016753163096107214,
        0.08958545310053606
      ],
      [
        -0.6300024269492447,
        0.01800696869236956,
        0.7763843707317747,
        0.10748559437165676
      ],
      [
        0.7750337608472583,
        -0.04874452930589679,
        0.6300370151107801,
        0.4724563071236842
      ],
      [
        0.0,
        0.0,
        0.0,
        1.0
      ]
    ],
    "image": "cap_022.png",
    "tag_id": 0,
    "tag_size_m": 0.08
  },
  {
    "index": 23,
    "joints_deg": [
      130,
      145,
      5,
      -10,
      100,
      90
    ],
    "fk_base_to_endeffector": {
      "x": 0.11028558001724095,
      "y": 0.06448736170269506,
      "z": 0.2293186605590608,
      "roll": 0.17459421455148824,
      "pitch": 0.6980902467926082,
      "yaw": 0.6981454749824813
    },
    "tag_in_camera_optical_4x4": [
      [
        -0.5788826726990535,
        0.8153318214593932,
        0.01135218765300524,
        -0.15545507923497315
      ],
      [
        -0.5094460776361259,
        -0.3725052151587411,
        0.7756961767732947,
        0.1320093565950946
      ],
      [
        0.6366785258118627,
        0.44325374854054944,
        0.6310044129598338,
        0.4499737188707569
      ],
      [
        0.0,
        0.0,
        0.0,
        1.0
      ]
    ],
    "image": "cap_023.png",
    "tag_id": 0,
    "tag_size_m": 0.08
  },
  {
    "index": 24,
    "joints_deg": [
      80,
      145,
      5,
      -10,
      100,
      90
    ],
    "fk_base_to_endeffector": {
      "x": 0.1323105055548235,
      "y": -0.017285246056243275,
      "z": 0.22931340971061304,
      "roll": 0.17461048498269982,
      "pitch": 0.6981426701260617,
      "yaw": -0.17450868445641737
    },
    "tag_in_camera_optical_4x4": [
      [
        0.21882062017578127,
        0.9754512747941582,
        0.024745639784366683,
        0.15246825335708214
      ],
      [
        -0.6191045450671481,
        0.1191909968726122,
        0.776210711431962,
        0.11906778137190929
      ],
      [
        0.7542062705010386,
        -0.18517104732372253,
        0.6299877655716417,
        0.46030118180496465
      ],
      [
        0.0,
        0.0,
        0.0,
        1.0
      ]
    ],
    "image": "cap_024.png",
    "tag_id": 0,
    "tag_size_m": 0.08
  },
  {
    "index": 25,
    "joints_deg": [
      80,
      135,
      5,
      -10,
      100,
      90
    ],
    "fk_base_to_endeffector": {
      "x": 0.1327141528193932,
      "y": -0.017355293431129067,
      "z": 0.21136930908953144,
      "roll": 0.17462580336666714,
      "pitch": 0.872675593299686,
      "yaw": -0.17448688520224714
    },
    "tag_in_camera_optical_4x4": [
      [
        0.2149752776259884,
        0.9763517135507059,
        0.022868350535836916,
        0.15108905311196702
      ],
      [
        -0.7377843620730661,
        0.1470156472003908,
        0.6588327819399162,
        0.043210457443039044
      ],
      [
        0.6398905102359842,
        -0.15850467161838125,
        0.7519417557132207,
        0.45003597652922267
      ],
      [
        0.0,
        0.0,
        0.0,
        1.0
      ]
    ],
    "image": "cap_025.png",
    "tag_id": 0,
    "tag_size_m": 0.08
  },
  {
    "index": 26,
    "joints_deg": [
      110,
      5,
      85,
      40,
      100,
      90
    ],
    "fk_base_to_endeffector": {
      "x": 0.288527784286718,
      "y": 0.09290702562607961,
      "z": 0.0965462781553867,
      "roll": 0.17462443439170436,
      "pitch": 0.8726426505536089,
      "yaw": 0.3491105386404962
    },
    "tag_in_camera_optical_4x4": [
      [
        -0.2897394086672759,
        0.9562068491114252,
        0.041467297687898745,
        -0.03719950734651306
      ],
      [
        -0.7411906443710574,
        -0.25157753931356974,
        0.6223706053548368,
        0.06005395900598363
      ],
      [
        0.6055472762402238,
        0.14959011807378503,
        0.781623498119598,
        0.26340748241053724
      ],
      [
        0.0,
        0.0,
        0.0,
        1.0
      ]
    ],
    "image": "cap_026.png",
    "tag_id": 0,
    "tag_size_m": 0.08
  }
]